1 0.4077704182506225 0.3992895075747735 0.6731145542357775 0.1850477023955337
1 0.4270850564138554 0.515320621324155 0.6021368130112659 0.1048821675698246
0 0.3168856908161647 0.591701657620202 0.17740959765100203 0.09198386137453234
0 0.3302147534317193 0.6714267791714995 0.15195495658477523 0.07504866689245623
0 0.31899845711350067 0.734216706240721 0.15632420783841655 0.06435682835784533
0 0.34590428642210275 0.8044816186106214 0.13343227711788863 0.08187852103089917
0 0.45362717286947607 0.5980855336940554 0.10075616943775678 0.08484639077317446
0 0.47159827137840793 0.679618816710742 0.10696070533113407 0.08361143939369349
0 0.47567435444793366 0.781549808908826 0.12704588479802065 0.07686347241038013
0 0.5831829775674718 0.770752829035214 0.09235263605166182 0.0641244549975255
0 0.5776125906578802 0.6663961996820003 0.08766513605166182 0.06387879353213641
0 0.6688119036691461 0.5976262675243962 0.0827957796251713 0.057383132066746965
0 0.6782119842313894 0.6779279211878693 0.06064799498543501 0.04686171189493056
0 0.6700608519406512 0.7698288161449153 0.08601170783841657 0.06067190637700648
1 0.8365509846271009 0.5336500559681499 0.19749477711788863 0.085235894391219
0 0.7680079216158349 0.6036073518751355 0.07034124373179385 0.058290534825708916
0 0.748569948338012 0.6800503431687082 0.06551735141192587 0.05335737336031983
0 0.7508933147936327 0.7615460046340974 0.04520485141192587 0.052292840343633
0 0.8408005639357029 0.6027276045886689 0.07176735141192588 0.05368492198083885