1 0.37734375 0.58125 0.14921875 0.66875
1 0.4921875 0.55859375 0.0734375 0.59921875
0 0.57421875 0.66640625 0.0828125 0.17421875
0 0.653125 0.65078125 0.0671875 0.14921875
0 0.71640625 0.66015625 0.05625 0.1546875
0 0.78515625 0.63125 0.07421875 0.13046875
0 0.5734375 0.5296875 0.0796875 0.0984375
0 0.65390625 0.509375 0.07734375 0.1046875
0 0.75546875 0.50234375 0.0703125 0.12421875
0 0.7390625 0.3953125 0.06015625 0.08984375
0 0.63515625 0.40390625 0.06015625 0.0859375
0 0.56171875 0.31484375 0.053125 0.08203125
0 0.64140625 0.303125 0.04296875 0.06015625
0 0.73359375 0.30859375 0.05625 0.084375
1 0.4890625 0.14921875 0.07578125 0.1953125
0 0.5625 0.215625 0.0546875 0.06796875
0 0.63984375 0.2328125 0.04921875 0.0640625
0 0.72109375 0.228125 0.05 0.04296875
0 0.5578125 0.14296875 0.05 0.0703125