1 0.4209453217177277 0.3919668222246694 0.6696226744716434 0.17335326459760622
1 0.44426971311007957 0.5076017459084667 0.600427246876742 0.09438996169504854
0 0.3369344569617595 0.5858681004476377 0.17548178903121975 0.08892363466105593
0 0.35301852009528023 0.6653199874709463 0.15039088544042353 0.07242561542376222
0 0.3440116796380047 0.7282738552569612 0.15501475292686626 0.06165180653075471
0 0.37331790543750787 0.798033283750082 0.1316863372358216 0.07958335099579195
0 0.47364866178221965 0.5898611744015876 0.0989011083130606 0.08312501324684404
0 0.49442931527482 0.6710392525318888 0.1051420179539809 0.08178076805616748
0 0.5020514386149951 0.7728472891923776 0.12540906615858277 0.07467759618646852
0 0.6089872398446591 0.7601786528020412 0.0909704336450254 0.06253969473518968
0 0.5997889809658646 0.6559723024392214 0.0862829336450254 0.062376003628197195
0 0.6884242340891226 0.5856449334720802 0.08155907220870695 0.05596231252120454
0 0.7006065924021831 0.6657416612395617 0.05962953005422929 0.04582342068857255
0 0.6956741735878806 0.7577381882814037 0.08470225292686635 0.05919643992586625
1 0.8536265323919203 0.518772435919151 0.19574883723582168 0.08182046279135698
0 0.7876475292686624 0.5898909785700897 0.06906816256778647 0.05708830290255769
0 0.7709100020431034 0.6666345278444503 0.0643533914905479 0.052237111795565026
0 0.7760702007152436 0.7480482189514428 0.044040891490547907 0.05152778366526398
0 0.8602765081914235 0.5877406907284743 0.07060339149054791 0.052455366604888455